Statistics for the model: RandomForestClassifier

Accuracy: 0.73
F1 Score: 0.72

Confusion Matrix:
[0 1 0 0 0 0 0 0 0 0 0 0 0 0 0 0 0 0 0 0 0 0 0 0 0 0 0 0 0 0]
[  0 131   0   0   0   0   0   0   0   0   0   0   0   0   0   0   2   0
   0   0   0   0   0   0   0   2   2   0   2   8]
[0 0 0 0 0 0 0 0 0 0 0 0 0 0 0 0 0 0 0 0 0 0 0 0 1 0 0 0 0 0]
[ 0  1  0 42  0  0  0  0  0  0  0  0  0  0  0  0  0  0  0  0  0  0  0  0
  0  0  0  0  0  0]
[0 0 0 0 0 0 0 0 0 0 0 0 0 0 0 0 0 1 0 0 0 1 0 0 0 0 0 0 0 0]
[  0   0   0   2   0 958   0   0   0   0   0   0   0   0   0   0   0   0
   0   0   0   0   0   0   0   0   0   0   0   0]
[ 0  0  0  0  0  0 50  0  0  1  0  0  0  0  0  0  0  0  0  0  1  0  0  0
  0  0  0  0  0  0]
[  0   0   0   0   0   0   0 541   0   0   0   0   0   0   0   0   0   0
   0   0   1   0   0   0   0   0   0   0   0   0]
[  0   0   0   0   0   0   0   0 510   0   0   0   0   0   0   0   0   0
   0   0   0   0   0   0   0   0   0   0   0   0]
[0 0 0 0 1 0 0 0 0 1 0 0 0 0 0 0 0 0 0 0 0 0 1 0 0 0 0 0 0 0]
[  0   0   0   0   0   0   0   0   0   0 199 200   0   0   0   0   0   0
  57   0   0   0   0   0   0   0   0   0   0   0]
[  0   0   0   0   0   0   0   0   0   0 198 244   0   0   0   0   0   0
  92   0   0   0   0   0   0   0   0   0   0   0]
[  0   0   0   0   0   0   0   0   0   0   0   0 453   0   0   0   0   0
   0 201   0   0   0   0   0   0   0   0   0   0]
[  0   0   0   0   0   0   0   0   0   0   0   0   0 516   1   0   0   0
   0   0 180   0   0   0   0   0   0   0   0   0]
[ 0  1  0  0  0  0  0  0  0  0  0  0  0  0 32  0  0  0  1  0  0  0  0  0
  0  0  0  0  0  0]
[0 3 0 0 0 0 0 0 0 0 0 0 0 0 0 0 0 0 0 0 0 0 0 0 0 0 0 0 0 0]
[ 0  5  0  0  0  0  0  0  0  0  0  0  0  1  0  0  5  0  0  0  0  0  0  0
 10  0  0  0  0  3]
[0 0 0 0 0 0 0 0 0 0 1 0 0 0 0 0 0 4 0 0 0 0 0 0 0 0 0 0 0 0]
[  0   0   0   0   1   0   0   0   0   1 108 120   0   0   0   0   0   1
  96   0   0   0   1   0   0   0   0   0   0   0]
[  0   1   0   0   0   0   0   1   0   0   0   0 212   0   0   0   0   0
   0 143   0   0   0   0   0   0   0   0   0   0]
[  0   0   0   0   0   1   0   0   0   0   0   0   1 172   0   0   0   0
   0   0 267   0   0   0   0   0   0   0   0   0]
[  0   0   0   1   0   0   0   0   0   0   0   0   0   0   0   0   0   0
   0   0   0 139   2   0   0   0   0   0   0   0]
[ 0  1  0  0  0  0  0  0  0  0  0  0  0  1  0  0  0  0  0  0  1  5 90  0
  0  0  0  0  0  1]
[  0   0   0   0   0   0   1   0   0   0   0   0   0   0   0   0   1   0
   1   0   0   0   1 108   0   0   0   0   0   0]
[ 0 11  0  0  0  0  0  0  0  0  0  0  0  0  0  0  5  0  0  0  0  0  0  0
 31  0  0  0  0  3]
[ 0 11  0  0  0  0  0  0  0  0  0  0  0  0  0  0  0  0  0  0  0  0  0  0
  0 10  0  0  1  1]
[0 7 0 0 0 0 0 0 0 0 0 0 0 0 0 1 0 0 0 0 0 0 0 0 0 1 1 0 1 2]
[0 1 0 0 0 0 0 0 0 0 0 0 0 0 0 0 0 0 0 0 0 0 0 0 0 0 0 0 0 1]
[1 9 0 0 0 0 0 0 0 0 1 0 0 0 0 0 1 0 0 0 0 0 0 0 1 0 2 0 0 2]
[ 0 34  0  0  0  0  0  0  0  0  0  0  0  0  0  0  1  0  0  0  0  0  0  0
  0  4  0  0  0 16]

Classification Report:                         precision    recall  f1-score   support

       BACKDOOR_MALWARE       0.00      0.00      0.00         1
                 BENIGN       0.60      0.89      0.72       147
       BROWSERHIJACKING       0.00      0.00      0.00         1
 DDOS-ACK_FRAGMENTATION       0.93      0.98      0.95        43
        DDOS-HTTP_FLOOD       0.00      0.00      0.00         2
        DDOS-ICMP_FLOOD       1.00      1.00      1.00       960
DDOS-ICMP_FRAGMENTATION       0.98      0.96      0.97        52
      DDOS-PSHACK_FLOOD       1.00      1.00      1.00       542
       DDOS-RSTFINFLOOD       1.00      1.00      1.00       510
         DDOS-SLOWLORIS       0.33      0.33      0.33         3
DDOS-SYNONYMOUSIP_FLOOD       0.39      0.44      0.41       456
         DDOS-SYN_FLOOD       0.43      0.46      0.44       534
         DDOS-TCP_FLOOD       0.68      0.69      0.69       654
         DDOS-UDP_FLOOD       0.75      0.74      0.74       697
 DDOS-UDP_FRAGMENTATION       0.97      0.94      0.96        34
   DICTIONARYBRUTEFORCE       0.00      0.00      0.00         3
           DNS_SPOOFING       0.33      0.21      0.26        24
         DOS-HTTP_FLOOD       0.67      0.80      0.73         5
          DOS-SYN_FLOOD       0.39      0.29      0.33       328
          DOS-TCP_FLOOD       0.42      0.40      0.41       357
          DOS-UDP_FLOOD       0.59      0.61      0.60       441
     MIRAI-GREETH_FLOOD       0.96      0.98      0.97       142
      MIRAI-GREIP_FLOOD       0.95      0.91      0.93        99
         MIRAI-UDPPLAIN       1.00      0.96      0.98       112
       MITM-ARPSPOOFING       0.72      0.62      0.67        50
    RECON-HOSTDISCOVERY       0.59      0.43      0.50        23
           RECON-OSSCAN       0.20      0.08      0.11        13
        RECON-PINGSWEEP       0.00      0.00      0.00         2
         RECON-PORTSCAN       0.00      0.00      0.00        17
      VULNERABILITYSCAN       0.43      0.29      0.35        55

               accuracy                           0.73      6307
              macro avg       0.54      0.53      0.53      6307
           weighted avg       0.72      0.73      0.72      6307
